100
1
86
83
2
93
15
1
92
86
2
62
21
3
59
90
1
40
26
3
36
72
1
67
68
3
30
82
2
67
23
1
2
29
1
69
58
2
56
93
1
29
42
3
19
21
3
98
37
3
70
15
3
91
26
3
73
56
2
96
70
3
25
5
3
36
27
2
29
46
1
24
57
3
45
82
3
34
67
2
50
43
3
76
8
1
84
88
2
54
51
3
60
32
2
39
68
1
86
26
2
95
39
3
78
34
3
97
1
2
92
17
3
1
56
1
41
86
3
44
89
1
29
40
3
97
17
1
75
81
2
67
27
1
53
97
3
6
65
2
24
19
3
32
71
1
19
3
3
8
68
1
49
40
2
18
23
2
51
46
2
79
55
2
28
64
2
93
50
1
64
34
3
87
14
3
91
43
2
59
65
3
51
32
3
75
28
3
21
74
2
29
95
3
93
35
1
43
28
3
29
28
2
43
4
3
38
13
2
4
40
1
88
28
1
17
17
1
43
24
3
90
83
2
25
72
3
5
90
1
86
54
3
42
82
1
7
97
3
48
4
3
28
22
3
46
43
3
22
40
2
5
10
2
30
61
3
20
5
1
26
44
2
8
65
3
58
82
3
62
37
3
36
0
2
79
99
1
71
68
2
81
31
2
94
33
3
99
63
1
96
99
1
13
73
3
95
90
1
84
66
